testis_comm6 <- c("ENSG00000104755/ENSG00000124812/ENSG00000131126/ENSG00000134249/ENSG00000139985/ENSG00000165076/ENSG00000168619/ENSG00000174898/ENSG00000175294/ENSG00000184647/ENSG00000186452/ENSG00000188782/ENSG00000106304/ENSG00000104938/ENSG00000152705",
"ENSG00000004838/ENSG00000092850/ENSG00000104941/ENSG00000118997/ENSG00000123977/ENSG00000124721/ENSG00000142609/ENSG00000155761/ENSG00000157856/ENSG00000162643/ENSG00000167646/ENSG00000169126/ENSG00000171595/ENSG00000171811/ENSG00000172426/ENSG00000183644/ENSG00000188738/ENSG00000206530/ENSG00000231256/ENSG00000080572/ENSG00000144451/ENSG00000167131",
"ENSG00000004838/ENSG00000092850/ENSG00000104941/ENSG00000118997/ENSG00000123977/ENSG00000124721/ENSG00000142609/ENSG00000155761/ENSG00000157856/ENSG00000162643/ENSG00000167646/ENSG00000169126/ENSG00000171595/ENSG00000171811/ENSG00000172426/ENSG00000183644/ENSG00000188738/ENSG00000206530/ENSG00000231256/ENSG00000080572/ENSG00000144451/ENSG00000167131",
"ENSG00000079841/ENSG00000099954/ENSG00000104755/ENSG00000118245/ENSG00000124812/ENSG00000131126/ENSG00000134249/ENSG00000139985/ENSG00000140526/ENSG00000147081/ENSG00000153498/ENSG00000157093/ENSG00000165076/ENSG00000165131/ENSG00000168619/ENSG00000172538/ENSG00000174898/ENSG00000175294/ENSG00000182896/ENSG00000183066/ENSG00000184647/ENSG00000186452/ENSG00000188782/ENSG00000275722/ENSG00000004809/ENSG00000106304/ENSG00000120160/ENSG00000137672/ENSG00000152705",
"ENSG00000092850/ENSG00000104941/ENSG00000118245/ENSG00000118997/ENSG00000124721/ENSG00000131044/ENSG00000131126/ENSG00000139908/ENSG00000147081/ENSG00000152670/ENSG00000157856/ENSG00000158486/ENSG00000162643/ENSG00000166171/ENSG00000166796/ENSG00000167858/ENSG00000171811/ENSG00000172426/ENSG00000174898/ENSG00000175294/ENSG00000178257/ENSG00000181323/ENSG00000183644/ENSG00000183914/ENSG00000184647/ENSG00000188738/ENSG00000188782/ENSG00000206530/ENSG00000219435/ENSG00000231256/ENSG00000004809/ENSG00000080572/ENSG00000112486/ENSG00000144451/ENSG00000152705",
"ENSG00000092850/ENSG00000104941/ENSG00000118245/ENSG00000118997/ENSG00000124721/ENSG00000131044/ENSG00000131126/ENSG00000139908/ENSG00000147081/ENSG00000152670/ENSG00000157856/ENSG00000158486/ENSG00000162643/ENSG00000166171/ENSG00000166796/ENSG00000167858/ENSG00000171811/ENSG00000172426/ENSG00000174898/ENSG00000175294/ENSG00000178257/ENSG00000181323/ENSG00000183644/ENSG00000183914/ENSG00000184647/ENSG00000188738/ENSG00000188782/ENSG00000206530/ENSG00000219435/ENSG00000231256/ENSG00000004809/ENSG00000080572/ENSG00000112486/ENSG00000144451/ENSG00000152705",
"ENSG00000004838/ENSG00000092850/ENSG00000104941/ENSG00000118245/ENSG00000118997/ENSG00000123977/ENSG00000131044/ENSG00000131126/ENSG00000137473/ENSG00000139908/ENSG00000147081/ENSG00000152670/ENSG00000155761/ENSG00000157856/ENSG00000162643/ENSG00000163491/ENSG00000166171/ENSG00000166796/ENSG00000167858/ENSG00000169126/ENSG00000171595/ENSG00000171811/ENSG00000172426/ENSG00000174898/ENSG00000175294/ENSG00000178257/ENSG00000181323/ENSG00000183644/ENSG00000184647/ENSG00000188738/ENSG00000188782/ENSG00000206530/ENSG00000219435/ENSG00000231256/ENSG00000004809/ENSG00000080572/ENSG00000112486/ENSG00000144451/ENSG00000152705/ENSG00000167131",
"ENSG00000104755/ENSG00000104941/ENSG00000106328/ENSG00000108946/ENSG00000109832/ENSG00000118245/ENSG00000124678/ENSG00000124812/ENSG00000125207/ENSG00000128040/ENSG00000133101/ENSG00000133863/ENSG00000137090/ENSG00000137948/ENSG00000139908/ENSG00000140526/ENSG00000141497/ENSG00000142025/ENSG00000143006/ENSG00000143452/ENSG00000152670/ENSG00000153046/ENSG00000154438/ENSG00000157093/ENSG00000161594/ENSG00000161609/ENSG00000161973/ENSG00000164113/ENSG00000165131/ENSG00000165643/ENSG00000167098/ENSG00000173421/ENSG00000174898/ENSG00000177938/ENSG00000180336/ENSG00000181323/ENSG00000182896/ENSG00000183304/ENSG00000188738/ENSG00000188782/ENSG00000204193/ENSG00000206203/ENSG00000206530/ENSG00000212122/ENSG00000219435/ENSG00000231256/ENSG00000275722/ENSG00000275793/ENSG00000006047/ENSG00000112530/ENSG00000106304/ENSG00000120160/ENSG00000101489/ENSG00000112486/ENSG00000120899/ENSG00000144451/ENSG00000152705",
"ENSG00000007038/ENSG00000104941/ENSG00000105549/ENSG00000106328/ENSG00000109832/ENSG00000118245/ENSG00000124678/ENSG00000125207/ENSG00000128040/ENSG00000128886/ENSG00000132972/ENSG00000133101/ENSG00000133863/ENSG00000137090/ENSG00000137948/ENSG00000139908/ENSG00000140526/ENSG00000140623/ENSG00000141497/ENSG00000143452/ENSG00000144962/ENSG00000149634/ENSG00000151615/ENSG00000152430/ENSG00000152670/ENSG00000153046/ENSG00000154438/ENSG00000155087/ENSG00000155833/ENSG00000161594/ENSG00000161609/ENSG00000161973/ENSG00000164113/ENSG00000165059/ENSG00000165496/ENSG00000165643/ENSG00000166118/ENSG00000166171/ENSG00000166220/ENSG00000167098/ENSG00000168454/ENSG00000168594/ENSG00000168619/ENSG00000170627/ENSG00000171495/ENSG00000172818/ENSG00000173421/ENSG00000174898/ENSG00000175294/ENSG00000177938/ENSG00000178257/ENSG00000179580/ENSG00000180336/ENSG00000181323/ENSG00000183304/ENSG00000183644/ENSG00000184361/ENSG00000184650/ENSG00000188738/ENSG00000188782/ENSG00000189357/ENSG00000204193/ENSG00000206203/ENSG00000206530/ENSG00000212122/ENSG00000214929/ENSG00000217442/ENSG00000219435/ENSG00000231256/ENSG00000269058/ENSG00000275793/ENSG00000275969/ENSG00000276040/ENSG00000004809/ENSG00000006047/ENSG00000073282/ENSG00000112530/ENSG00000111837/ENSG00000112486/ENSG00000102387/ENSG00000177947/ENSG00000144451/ENSG00000152705")

testis_comm6 <- unique(unlist(strsplit(testis_comm6, "/")))
writeLines(testis_comm6, "testis/network_aracne/enrichments/comm6_genes.txt")

testis_comm16 <- "ENSG00000028839/ENSG00000060138/ENSG00000061656/ENSG00000064199/ENSG00000068878/ENSG00000070770/ENSG00000072062/ENSG00000080503/ENSG00000095794/ENSG00000096063/ENSG00000100918/ENSG00000101079/ENSG00000106686/ENSG00000112592/ENSG00000112981/ENSG00000115257/ENSG00000116254/ENSG00000118557/ENSG00000121989/ENSG00000122557/ENSG00000123131/ENSG00000124226/ENSG00000124733/ENSG00000125779/ENSG00000128596/ENSG00000132122/ENSG00000134709/ENSG00000136492/ENSG00000136603/ENSG00000136811/ENSG00000138587/ENSG00000142920/ENSG00000143194/ENSG00000144747/ENSG00000154040/ENSG00000158402/ENSG00000158796/ENSG00000159640/ENSG00000162526/ENSG00000164611/ENSG00000165209/ENSG00000166224/ENSG00000166352/ENSG00000168385/ENSG00000170469/ENSG00000172139/ENSG00000173093/ENSG00000178093/ENSG00000184792/ENSG00000189134/ENSG00000197483/ENSG00000197748/ENSG00000197889/ENSG00000198021/ENSG00000198833/ENSG00000272514/ENSG00000033800/ENSG00000039560/ENSG00000102230/ENSG00000107954/ENSG00000183035/ENSG00000185043"
testis_comm16 <- unique(unlist(strsplit(testis_comm16, "/")))
writeLines(testis_comm16, "testis/network_aracne/enrichments/comm16_genes.txt")

testis_comm7 <- c("ENSG00000067064/ENSG00000110921/ENSG00000112972/ENSG00000116133/ENSG00000130164/ENSG00000132196/ENSG00000147465/ENSG00000148795/ENSG00000164211/ENSG00000186480/ENSG00000052802/ENSG00000025423",
"ENSG00000067064/ENSG00000110921/ENSG00000112972/ENSG00000116133/ENSG00000132196/ENSG00000147465/ENSG00000148795/ENSG00000164211/ENSG00000186480/ENSG00000052802/ENSG00000025423")
testis_comm7 <- unique(unlist(strsplit(testis_comm7, "/")))
writeLines(testis_comm7, "testis/network_aracne/enrichments/comm7_genes.txt")

